1.049999999999999822e+00
1.060000000000000053e+00
1.069999999999999840e+00
1.080000000000000071e+00
1.089999999999999858e+00
1.100000000000000089e+00
1.109999999999999876e+00
1.120000000000000107e+00
1.129999999999999893e+00
1.140000000000000124e+00
1.149999999999999911e+00
1.160000000000000142e+00
1.169999999999999929e+00
1.180000000000000160e+00
1.189999999999999947e+00
1.200000000000000178e+00
1.209999999999999964e+00
1.220000000000000195e+00
1.229999999999999982e+00
1.240000000000000213e+00
1.250000000000000000e+00
1.260000000000000231e+00
1.270000000000000018e+00
1.280000000000000249e+00
1.290000000000000036e+00
1.300000000000000266e+00
1.310000000000000053e+00
1.320000000000000284e+00
1.330000000000000071e+00
1.340000000000000302e+00
1.350000000000000089e+00
1.360000000000000320e+00
1.370000000000000107e+00
1.380000000000000338e+00
1.390000000000000124e+00
1.400000000000000355e+00
1.410000000000000142e+00
1.420000000000000373e+00
1.430000000000000160e+00
1.440000000000000391e+00
1.450000000000000178e+00
1.460000000000000409e+00
1.470000000000000195e+00
1.480000000000000426e+00
1.490000000000000213e+00
1.500000000000000444e+00
1.510000000000000231e+00
1.520000000000000462e+00
1.530000000000000249e+00
1.540000000000000480e+00
1.550000000000000266e+00
1.560000000000000497e+00
1.570000000000000284e+00
1.580000000000000515e+00
1.590000000000000302e+00
1.600000000000000533e+00
1.610000000000000320e+00
1.620000000000000551e+00
1.630000000000000338e+00
1.640000000000000568e+00
1.650000000000000355e+00
1.660000000000000586e+00
1.670000000000000373e+00
1.680000000000000604e+00
1.690000000000000391e+00
1.700000000000000622e+00
1.710000000000000409e+00
1.720000000000000639e+00
1.730000000000000426e+00
1.740000000000000657e+00
1.750000000000000444e+00
1.760000000000000675e+00
1.770000000000000462e+00
1.780000000000000693e+00
1.790000000000000480e+00
1.800000000000000711e+00
1.810000000000000497e+00
1.820000000000000728e+00
1.830000000000000515e+00
1.840000000000000746e+00
1.850000000000000533e+00
1.860000000000000764e+00
1.870000000000000551e+00
1.880000000000000782e+00
1.890000000000000568e+00
1.900000000000000799e+00
1.910000000000000586e+00
1.920000000000000817e+00
1.930000000000000604e+00
1.940000000000000835e+00
1.950000000000000622e+00
1.960000000000000853e+00
1.970000000000000639e+00
1.980000000000000870e+00
1.990000000000000657e+00
2.000000000000000888e+00
2.010000000000000675e+00
2.020000000000000462e+00
2.030000000000001137e+00
2.040000000000000924e+00
2.050000000000000711e+00
2.060000000000000497e+00
2.070000000000001172e+00
2.080000000000000959e+00
2.090000000000000746e+00
2.100000000000000533e+00
2.110000000000001208e+00
2.120000000000000995e+00
2.130000000000000782e+00
2.140000000000000568e+00
2.150000000000001243e+00
2.160000000000001030e+00
2.170000000000000817e+00
2.180000000000000604e+00
2.190000000000001279e+00
2.200000000000001066e+00
2.210000000000000853e+00
2.220000000000000639e+00
2.230000000000001315e+00
2.240000000000001101e+00
2.250000000000000888e+00
2.260000000000000675e+00
2.270000000000001350e+00
2.280000000000001137e+00
2.290000000000000924e+00
2.300000000000000711e+00
2.310000000000001386e+00
2.320000000000001172e+00
2.330000000000000959e+00
2.340000000000000746e+00
2.350000000000001421e+00
2.360000000000001208e+00
2.370000000000000995e+00
2.380000000000000782e+00
2.390000000000001457e+00
2.400000000000001243e+00
2.410000000000001030e+00
2.420000000000000817e+00
2.430000000000001492e+00
2.440000000000001279e+00
2.450000000000001066e+00
2.460000000000000853e+00
2.470000000000001528e+00
2.480000000000001315e+00
2.490000000000001101e+00
2.500000000000000888e+00
2.510000000000001563e+00
2.520000000000001350e+00
2.530000000000001137e+00
2.540000000000000924e+00
2.550000000000001599e+00
2.560000000000001386e+00
2.570000000000001172e+00
2.580000000000000959e+00
2.590000000000001634e+00
2.600000000000001421e+00
2.610000000000001208e+00
2.620000000000000995e+00
2.630000000000001670e+00
2.640000000000001457e+00
2.650000000000001243e+00
2.660000000000001030e+00
2.670000000000001705e+00
2.680000000000001492e+00
2.690000000000001279e+00
2.700000000000001066e+00
2.710000000000001741e+00
2.720000000000001528e+00
2.730000000000001315e+00
2.740000000000001101e+00
2.750000000000001776e+00
2.760000000000001563e+00
2.770000000000001350e+00
2.780000000000001137e+00
2.790000000000001812e+00
2.800000000000001599e+00
2.810000000000001386e+00
2.820000000000001172e+00
2.830000000000001847e+00
2.840000000000001634e+00
2.850000000000001421e+00
2.860000000000001208e+00
2.870000000000001883e+00
2.880000000000001670e+00
2.890000000000001457e+00
2.900000000000001243e+00
2.910000000000001918e+00
2.920000000000001705e+00
2.930000000000001492e+00
2.940000000000001279e+00
2.950000000000001954e+00
2.960000000000001741e+00
2.970000000000001528e+00
2.980000000000001315e+00
2.990000000000001990e+00
3.000000000000001776e+00
3.010000000000001563e+00
3.020000000000001350e+00
3.030000000000002025e+00
3.040000000000001812e+00
3.050000000000001599e+00
3.060000000000001386e+00
3.070000000000002061e+00
3.080000000000001847e+00
3.090000000000001634e+00
3.100000000000001421e+00
3.110000000000002096e+00
3.120000000000001883e+00
3.130000000000001670e+00
3.140000000000001457e+00
3.150000000000002132e+00
3.160000000000001918e+00
3.170000000000001705e+00
3.180000000000001492e+00
3.190000000000002167e+00
3.200000000000001954e+00
3.210000000000001741e+00
3.220000000000001528e+00
3.230000000000002203e+00
3.240000000000001990e+00
3.250000000000001776e+00
3.260000000000001563e+00
3.270000000000002238e+00
3.280000000000002025e+00
3.290000000000001812e+00
3.300000000000001599e+00
3.310000000000002274e+00
3.320000000000002061e+00
3.330000000000001847e+00
3.340000000000001634e+00
3.350000000000002309e+00
3.360000000000002096e+00
3.370000000000001883e+00
3.380000000000001670e+00
3.390000000000002345e+00
3.400000000000002132e+00
3.410000000000001918e+00
3.420000000000001705e+00
3.430000000000002380e+00
3.440000000000002167e+00
3.450000000000001954e+00
3.460000000000001741e+00
3.470000000000002416e+00
3.480000000000002203e+00
3.490000000000001990e+00
3.500000000000001776e+00
3.510000000000002451e+00
3.520000000000002238e+00
3.530000000000002025e+00
3.540000000000001812e+00
3.550000000000002487e+00
3.560000000000002274e+00
3.570000000000002061e+00
3.580000000000001847e+00
3.590000000000002522e+00
3.600000000000002309e+00
3.610000000000002096e+00
3.620000000000001883e+00
3.630000000000002558e+00
3.640000000000002345e+00
3.650000000000002132e+00
3.660000000000001918e+00
3.670000000000002593e+00
3.680000000000002380e+00
3.690000000000002167e+00
3.700000000000001954e+00
3.710000000000002629e+00
3.720000000000002416e+00
3.730000000000002203e+00
3.740000000000001990e+00
3.750000000000002665e+00
3.760000000000002451e+00
3.770000000000002238e+00
3.780000000000002025e+00
3.790000000000002700e+00
3.800000000000002487e+00
3.810000000000002274e+00
3.820000000000002061e+00
3.830000000000002736e+00
3.840000000000002522e+00
3.850000000000002309e+00
3.860000000000002096e+00
3.870000000000002771e+00
3.880000000000002558e+00
3.890000000000002345e+00
3.900000000000002132e+00
3.910000000000002807e+00
3.920000000000002593e+00
3.930000000000002380e+00
3.940000000000002167e+00
3.950000000000002842e+00
3.960000000000002629e+00
3.970000000000002416e+00
3.980000000000002203e+00
3.990000000000002878e+00
4.000000000000002665e+00
4.010000000000002451e+00
4.020000000000002238e+00
4.030000000000002913e+00
4.040000000000002700e+00
4.050000000000002487e+00
4.060000000000002274e+00
4.070000000000002949e+00
4.080000000000002736e+00
4.090000000000002522e+00
4.100000000000002309e+00
4.110000000000002984e+00
4.120000000000002771e+00
4.130000000000002558e+00
4.140000000000002345e+00
4.150000000000003020e+00
4.160000000000002807e+00
4.170000000000002593e+00
4.180000000000002380e+00
4.190000000000003055e+00
4.200000000000002842e+00
4.210000000000002629e+00
4.220000000000002416e+00
4.230000000000003091e+00
4.240000000000002878e+00
4.250000000000002665e+00
4.260000000000002451e+00
4.270000000000003126e+00
4.280000000000002913e+00
4.290000000000002700e+00
4.300000000000002487e+00
4.310000000000003162e+00
4.320000000000002949e+00
4.330000000000002736e+00
4.340000000000002522e+00
4.350000000000003197e+00
4.360000000000002984e+00
4.370000000000002771e+00
4.380000000000002558e+00
4.390000000000003233e+00
4.400000000000003020e+00
4.410000000000002807e+00
4.420000000000002593e+00
4.430000000000003268e+00
4.440000000000003055e+00
4.450000000000002842e+00
4.460000000000002629e+00
4.470000000000003304e+00
4.480000000000003091e+00
4.490000000000002878e+00
4.500000000000002665e+00
4.510000000000003340e+00
4.520000000000003126e+00
4.530000000000002913e+00
4.540000000000002700e+00
4.550000000000003375e+00
4.560000000000003162e+00
4.570000000000002949e+00
4.580000000000002736e+00
4.590000000000003411e+00
4.600000000000003197e+00
4.610000000000002984e+00
4.620000000000002771e+00
4.630000000000003446e+00
4.640000000000003233e+00
4.650000000000003020e+00
4.660000000000002807e+00
4.670000000000003482e+00
4.680000000000003268e+00
4.690000000000003055e+00
4.700000000000002842e+00
4.710000000000003517e+00
4.720000000000003304e+00
4.730000000000003091e+00
4.740000000000002878e+00
4.750000000000003553e+00
4.760000000000003340e+00
4.770000000000003126e+00
4.780000000000002913e+00
4.790000000000003588e+00
4.800000000000003375e+00
4.810000000000003162e+00
4.820000000000002949e+00
4.830000000000003624e+00
4.840000000000003411e+00
4.850000000000003197e+00
4.860000000000002984e+00
4.870000000000003659e+00
4.880000000000003446e+00
4.890000000000003233e+00
4.900000000000003020e+00
4.910000000000003695e+00
4.920000000000003482e+00
4.930000000000003268e+00
4.940000000000003055e+00
4.950000000000003730e+00
4.960000000000003517e+00
4.970000000000003304e+00
4.980000000000003091e+00
4.990000000000003766e+00
5.000000000000003553e+00
5.010000000000003340e+00
5.020000000000003126e+00
5.030000000000003801e+00
5.040000000000003588e+00
5.050000000000003375e+00
5.060000000000003162e+00
5.070000000000003837e+00
5.080000000000003624e+00
5.090000000000003411e+00
5.100000000000003197e+00
5.110000000000003872e+00
5.120000000000003659e+00
5.130000000000003446e+00
5.140000000000003233e+00
5.150000000000003908e+00
5.160000000000003695e+00
5.170000000000003482e+00
5.180000000000003268e+00
5.190000000000003944e+00
5.200000000000003730e+00
5.210000000000003517e+00
5.220000000000003304e+00
5.230000000000003979e+00
5.240000000000003766e+00
5.250000000000003553e+00
5.260000000000003340e+00
5.270000000000004015e+00
5.280000000000003801e+00
5.290000000000003588e+00
5.300000000000003375e+00
5.310000000000004050e+00
5.320000000000003837e+00
5.330000000000003624e+00
5.340000000000003411e+00
5.350000000000004086e+00
5.360000000000003872e+00
5.370000000000003659e+00
5.380000000000003446e+00
5.390000000000004121e+00
5.400000000000003908e+00
5.410000000000003695e+00
5.420000000000003482e+00
5.430000000000004157e+00
5.440000000000003944e+00
5.450000000000003730e+00
5.460000000000003517e+00
5.470000000000004192e+00
5.480000000000003979e+00
5.490000000000003766e+00
5.500000000000003553e+00
5.510000000000004228e+00
5.520000000000004015e+00
5.530000000000003801e+00
5.540000000000003588e+00
5.550000000000004263e+00
5.560000000000004050e+00
5.570000000000003837e+00
5.580000000000003624e+00
5.590000000000004299e+00
5.600000000000004086e+00
5.610000000000003872e+00
5.620000000000003659e+00
5.630000000000004334e+00
5.640000000000004121e+00
5.650000000000003908e+00
5.660000000000003695e+00
5.670000000000004370e+00
5.680000000000004157e+00
5.690000000000003944e+00
5.700000000000003730e+00
5.710000000000004405e+00
5.720000000000004192e+00
5.730000000000003979e+00
5.740000000000003766e+00
5.750000000000004441e+00
5.760000000000004228e+00
5.770000000000004015e+00
5.780000000000003801e+00
5.790000000000004476e+00
5.800000000000004263e+00
5.810000000000004050e+00
5.820000000000003837e+00
5.830000000000004512e+00
5.840000000000004299e+00
5.850000000000004086e+00
5.860000000000003872e+00
5.870000000000004547e+00
5.880000000000004334e+00
5.890000000000004121e+00
5.900000000000003908e+00
5.910000000000004583e+00
5.920000000000004370e+00
5.930000000000004157e+00
5.940000000000003944e+00
5.950000000000004619e+00
5.960000000000004405e+00
5.970000000000004192e+00
5.980000000000003979e+00
5.990000000000004654e+00
6.000000000000004441e+00
6.010000000000004228e+00
6.020000000000004015e+00
6.030000000000004690e+00
6.040000000000004476e+00
6.050000000000004263e+00
6.060000000000004050e+00
6.070000000000004725e+00
6.080000000000004512e+00
6.090000000000004299e+00
6.100000000000004086e+00
6.110000000000004761e+00
6.120000000000004547e+00
6.130000000000004334e+00
6.140000000000004121e+00
6.150000000000004796e+00
6.160000000000004583e+00
6.170000000000004370e+00
6.180000000000004157e+00
6.190000000000004832e+00
6.200000000000004619e+00
6.210000000000004405e+00
6.220000000000004192e+00
6.230000000000004867e+00
6.240000000000004654e+00
6.250000000000004441e+00
6.260000000000004228e+00
6.270000000000004903e+00
6.280000000000004690e+00
6.290000000000004476e+00
6.300000000000004263e+00
6.310000000000004938e+00
6.320000000000004725e+00
6.330000000000004512e+00
6.340000000000004299e+00
6.350000000000004974e+00
6.360000000000004761e+00
6.370000000000004547e+00
6.380000000000004334e+00
6.390000000000005009e+00
6.400000000000004796e+00
6.410000000000004583e+00
6.420000000000004370e+00
6.430000000000005045e+00
6.440000000000004832e+00
6.450000000000004619e+00
6.460000000000004405e+00
6.470000000000005080e+00
6.480000000000004867e+00
6.490000000000004654e+00
6.500000000000004441e+00
6.510000000000005116e+00
6.520000000000004903e+00
6.530000000000004690e+00
6.540000000000004476e+00
6.550000000000005151e+00
6.560000000000004938e+00
6.570000000000004725e+00
6.580000000000004512e+00
6.590000000000005187e+00
6.600000000000004974e+00
6.610000000000004761e+00
6.620000000000004547e+00
6.630000000000005222e+00
6.640000000000005009e+00
6.650000000000004796e+00
6.660000000000004583e+00
6.670000000000005258e+00
6.680000000000005045e+00
6.690000000000004832e+00
6.700000000000004619e+00
6.710000000000005294e+00
6.720000000000005080e+00
6.730000000000004867e+00
6.740000000000004654e+00
6.750000000000005329e+00
6.760000000000005116e+00
6.770000000000004903e+00
6.780000000000004690e+00
6.790000000000005365e+00
6.800000000000005151e+00
6.810000000000004938e+00
6.820000000000004725e+00
6.830000000000005400e+00
6.840000000000005187e+00
6.850000000000004974e+00
6.860000000000004761e+00
6.870000000000005436e+00
6.880000000000005222e+00
6.890000000000005009e+00
6.900000000000004796e+00
6.910000000000005471e+00
6.920000000000005258e+00
6.930000000000005045e+00
6.940000000000004832e+00
6.950000000000005507e+00
6.960000000000005294e+00
6.970000000000005080e+00
6.980000000000004867e+00
6.990000000000005542e+00
7.000000000000005329e+00
7.010000000000005116e+00
7.020000000000004903e+00
7.030000000000005578e+00
7.040000000000005365e+00
7.050000000000005151e+00
7.060000000000004938e+00
7.070000000000005613e+00
7.080000000000005400e+00
7.090000000000005187e+00
7.100000000000004974e+00
7.110000000000005649e+00
7.120000000000005436e+00
7.130000000000005222e+00
7.140000000000005009e+00
7.150000000000005684e+00
7.160000000000005471e+00
7.170000000000005258e+00
7.180000000000005045e+00
7.190000000000005720e+00
7.200000000000005507e+00
7.210000000000005294e+00
7.220000000000005080e+00
7.230000000000005755e+00
7.240000000000005542e+00
7.250000000000005329e+00
7.260000000000005116e+00
7.270000000000005791e+00
7.280000000000005578e+00
7.290000000000005365e+00
7.300000000000005151e+00
7.310000000000005826e+00
7.320000000000005613e+00
7.330000000000005400e+00
7.340000000000005187e+00
7.350000000000005862e+00
7.360000000000005649e+00
7.370000000000005436e+00
7.380000000000005222e+00
7.390000000000005898e+00
7.400000000000005684e+00
7.410000000000005471e+00
7.420000000000005258e+00
7.430000000000005933e+00
7.440000000000005720e+00
7.450000000000005507e+00
7.460000000000005294e+00
7.470000000000005969e+00
7.480000000000005755e+00
7.490000000000005542e+00
7.500000000000005329e+00
7.510000000000006004e+00
7.520000000000005791e+00
7.530000000000005578e+00
7.540000000000005365e+00
7.550000000000006040e+00
7.560000000000005826e+00
7.570000000000005613e+00
7.580000000000005400e+00
7.590000000000006075e+00
7.600000000000005862e+00
7.610000000000005649e+00
7.620000000000005436e+00
7.630000000000006111e+00
7.640000000000005898e+00
7.650000000000005684e+00
7.660000000000005471e+00
7.670000000000006146e+00
7.680000000000005933e+00
7.690000000000005720e+00
7.700000000000005507e+00
7.710000000000006182e+00
7.720000000000005969e+00
7.730000000000005755e+00
7.740000000000005542e+00
7.750000000000006217e+00
7.760000000000006004e+00
7.770000000000005791e+00
7.780000000000005578e+00
7.790000000000006253e+00
7.800000000000006040e+00
7.810000000000005826e+00
7.820000000000005613e+00
7.830000000000006288e+00
7.840000000000006075e+00
7.850000000000005862e+00
7.860000000000005649e+00
7.870000000000006324e+00
7.880000000000006111e+00
7.890000000000005898e+00
7.900000000000005684e+00
7.910000000000006359e+00
7.920000000000006146e+00
7.930000000000005933e+00
7.940000000000005720e+00
7.950000000000006395e+00
7.960000000000006182e+00
7.970000000000005969e+00
7.980000000000005755e+00
7.990000000000006430e+00
8.000000000000007105e+00
8.010000000000005116e+00
8.020000000000006679e+00
8.030000000000006466e+00
8.040000000000006253e+00
8.050000000000006040e+00
8.060000000000005826e+00
8.070000000000007390e+00
8.080000000000005400e+00
8.090000000000006963e+00
8.100000000000004974e+00
8.110000000000006537e+00
8.120000000000006324e+00
8.130000000000006111e+00
8.140000000000005898e+00
8.150000000000005684e+00
8.160000000000007248e+00
8.170000000000005258e+00
8.180000000000006821e+00
8.190000000000006608e+00
8.200000000000006395e+00
8.210000000000006182e+00
8.220000000000005969e+00
8.230000000000007532e+00
8.240000000000005542e+00
8.250000000000007105e+00
8.260000000000005116e+00
8.270000000000006679e+00
8.280000000000006466e+00
8.290000000000006253e+00
8.300000000000006040e+00
8.310000000000005826e+00
8.320000000000007390e+00
8.330000000000005400e+00
8.340000000000006963e+00
8.350000000000006750e+00
8.360000000000006537e+00
8.370000000000006324e+00
8.380000000000006111e+00
8.390000000000007674e+00
8.400000000000005684e+00
8.410000000000007248e+00
8.420000000000005258e+00
8.430000000000006821e+00
8.440000000000006608e+00
8.450000000000006395e+00
8.460000000000006182e+00
8.470000000000005969e+00
8.480000000000007532e+00
8.490000000000005542e+00
8.500000000000007105e+00
8.510000000000006892e+00
8.520000000000006679e+00
8.530000000000006466e+00
8.540000000000006253e+00
8.550000000000007816e+00
8.560000000000005826e+00
8.570000000000007390e+00
8.580000000000005400e+00
8.590000000000006963e+00
8.600000000000006750e+00
8.610000000000006537e+00
8.620000000000006324e+00
8.630000000000006111e+00
8.640000000000007674e+00
8.650000000000005684e+00
8.660000000000007248e+00
8.670000000000007034e+00
8.680000000000006821e+00
8.690000000000006608e+00
8.700000000000006395e+00
8.710000000000007958e+00
8.720000000000005969e+00
8.730000000000007532e+00
8.740000000000005542e+00
8.750000000000007105e+00
8.760000000000006892e+00
8.770000000000006679e+00
8.780000000000006466e+00
8.790000000000006253e+00
8.800000000000007816e+00
8.810000000000005826e+00
8.820000000000007390e+00
8.830000000000007176e+00
8.840000000000006963e+00
8.850000000000006750e+00
8.860000000000006537e+00
8.870000000000008100e+00
8.880000000000006111e+00
8.890000000000007674e+00
8.900000000000005684e+00
8.910000000000007248e+00
8.920000000000007034e+00
8.930000000000006821e+00
8.940000000000006608e+00
8.950000000000006395e+00
8.960000000000007958e+00
8.970000000000005969e+00
8.980000000000007532e+00
8.990000000000007319e+00
9.000000000000007105e+00
